frame_start = 15020
frame_end = 20000
evaluation_coeff = 0.44928154463190195
stability_coeff = 0.4891950269988468
worst_evaluations = [(15140, -0.057692307692307696), (16760, -0.043795620437956206), (15080, -0.02666666666666667), (15720, -0.02666666666666667), (16420, -0.023622047244094488), (15880, -0.02247191011235955), (15160, 0.0), (16560, 0.0), (19280, 0.030418250950570342), (19440, 0.05904059040590406)]
greatest_instabilities = [(15120, -1), (15520, -1), (15860, -1), (16780, -1), (18420, -1), (18480, -1), (19180, -1), (19400, -1), (19560, -1), (16440, -0.04)]