frame_start = 22020
frame_end = 26000
evaluation_coeff = 0.7946879174959648
stability_coeff = 0.8268059313952368
worst_evaluations = [(22020, 0.0), (23460, 0.3128834355828221), (23480, 0.3128834355828221), (22660, 0.3229689067201605), (22820, 0.38964241676942046), (22340, 0.4329896907216495), (22360, 0.4329896907216495), (22400, 0.4329896907216495), (22420, 0.4329896907216495), (22500, 0.4329896907216495), (22520, 0.4329896907216495), (22540, 0.4329896907216495), (22560, 0.4329896907216495), (22580, 0.4329896907216495), (22600, 0.4329896907216495), (22620, 0.4329896907216495), (22640, 0.4329896907216495), (22680, 0.4329896907216495), (22700, 0.4329896907216495), (22720, 0.4329896907216495), (22740, 0.4329896907216495), (22760, 0.4329896907216495), (22780, 0.4329896907216495), (22800, 0.4329896907216495), (23280, 0.46357615894039733), (23300, 0.46357615894039733), (23320, 0.46357615894039733), (24420, 0.46357615894039733), (24440, 0.46357615894039733), (22120, 0.4878048780487805)]
greatest_instabilities = [(22020, -1), (22140, -1), (22200, -1), (22320, -1), (22820, -1), (23120, -1), (23260, -1), (23320, -1), (24260, -1), (24320, -1), (24380, -1), (24500, -1), (24540, -1), (25820, -1), (23500, 0.5294117647058824), (24140, 0.5294117647058824), (22900, 0.5985130111524164), (22640, 0.6428571428571429), (22660, 0.6428571428571429), (24480, 0.6456692913385826), (22100, 0.6511627906976745), (23480, 0.68), (24400, 0.7096774193548387), (24440, 0.7096774193548387), (24520, 0.7457627118644068), (22060, 0.7476635514018691), (22040, 0.7692307692307693), (22120, 0.8), (25600, 0.8392857142857143), (25620, 0.8392857142857143)]