frame_start = 22020
frame_end = 26000
evaluation_coeff = 0.7816753815059354
stability_coeff = 0.8197565672357279
worst_evaluations = [(23460, 0.3128834355828221), (23480, 0.3128834355828221), (22660, 0.3229689067201605), (22020, 0.37433155080213903), (22820, 0.38964241676942046), (22340, 0.4329896907216495), (22360, 0.4329896907216495), (22400, 0.4329896907216495), (22420, 0.4329896907216495), (22440, 0.4329896907216495)]
greatest_instabilities = [(22020, -1), (22140, -1), (22200, -1), (22320, -1), (22820, -1), (23120, -1), (23260, -1), (23320, -1), (24260, -1), (24320, -1)]