frame_start = 20
frame_end = 5000
evaluation_coeff = 0.5753459714438631
stability_coeff = 0.8966103240145253
worst_evaluations = [(3780, 0.2049219119734974), (3820, 0.2049219119734974), (3840, 0.2049219119734974), (3860, 0.2049219119734974), (3880, 0.2049219119734974), (3900, 0.2049219119734974), (3920, 0.2049219119734974), (4600, 0.26778242677824265), (4620, 0.26778242677824265), (2700, 0.27184466019417475)]
greatest_instabilities = [(680, -1), (860, -1), (2380, -1), (2520, -1), (4780, -1), (1840, 0.5802728226652676), (3760, 0.6296296296296297), (3780, 0.6296296296296297), (3800, 0.6296296296296297), (4840, 0.6485623003194888)]