frame_start = 15020
frame_end = 20000
evaluation_coeff = 0.38226047694569865
stability_coeff = 0.6813076040210287
worst_evaluations = [(19740, -0.05), (15020, -0.02666666666666667), (15040, -0.02666666666666667), (16460, -0.023622047244094488), (16480, -0.023622047244094488), (16560, -0.023622047244094488), (16580, -0.023622047244094488), (16600, -0.023622047244094488), (16640, -0.023622047244094488), (16660, -0.023622047244094488)]
greatest_instabilities = [(15120, -1), (15520, -1), (15860, -1), (16780, -1), (18420, -1), (18480, -1), (19180, -1), (19400, -1), (19560, -1), (16440, -0.0196078431372549)]