frame_start = 20
frame_end = 5000
evaluation_coeff = 0.7751316509672909
stability_coeff = 0.8523887172994788
worst_evaluations = [(880, 0.055916775032509754), (3940, 0.27306616961789376), (420, 0.2814070351758794), (3000, 0.38258575197889183), (3320, 0.38258575197889183), (3560, 0.38258575197889183), (3220, 0.39948674080410607), (3580, 0.39948674080410607), (3640, 0.39948674080410607), (3900, 0.39948674080410607)]
greatest_instabilities = [(680, -1), (2380, -1), (4780, -1), (860, 0.04921968787515006), (880, 0.04921968787515006), (3940, 0.3818867924528302), (4060, 0.3818867924528302), (200, 0.3858267716535433), (4140, 0.44660194174757284), (4220, 0.44660194174757284)]