frame_start = 15020
frame_end = 20000
evaluation_coeff = 0.5988748775032731
stability_coeff = 0.7992940201263169
worst_evaluations = [(16660, 0.11564625850340136), (16680, 0.11564625850340136), (16700, 0.145985401459854), (17300, 0.18333333333333332), (17320, 0.24615384615384617), (19940, 0.2571428571428571), (16480, 0.2925170068027211), (16500, 0.2925170068027211), (16540, 0.2925170068027211), (16560, 0.2925170068027211)]
greatest_instabilities = [(15120, -1), (15520, -1), (15860, -1), (16780, -1), (18420, -1), (18480, -1), (19180, -1), (19400, -1), (19560, -1), (17280, 0.25213675213675213)]