frame_start = 15020
frame_end = 20000
evaluation_coeff = 0.6612016791607702
stability_coeff = 0.7588110833879049
worst_evaluations = [(19060, 0.11229861221885468), (15040, 0.16666666666666666), (19120, 0.23952405587170203), (15020, 0.2524271844660194), (19360, 0.2583732057416268), (19140, 0.3050039714058777), (19420, 0.35920177383592017), (20000, 0.36), (18860, 0.3649193548387097), (18800, 0.3697478991596639)]
greatest_instabilities = [(15120, -1), (15520, -1), (15860, -1), (16780, -1), (18420, -1), (18480, -1), (19180, -1), (19400, -1), (19560, -1), (19040, 0.19977298524404086)]