frame_start = 15020
frame_end = 20000
evaluation_coeff = 0.7032129878551355
stability_coeff = 0.767301542522794
worst_evaluations = [(15080, -0.047619047619047616), (15720, 0.3063063063063063), (20000, 0.3142857142857143), (15880, 0.36065573770491804), (15900, 0.36065573770491804), (18860, 0.3649193548387097), (18800, 0.3697478991596639), (19260, 0.3869209809264305), (19640, 0.3869209809264305), (19660, 0.3869209809264305)]
greatest_instabilities = [(15120, -1), (15520, -1), (15860, -1), (16780, -1), (18420, -1), (18480, -1), (19180, -1), (19400, -1), (19560, -1), (15080, -0.03125)]