frame_start = 15020
frame_end = 20000
evaluation_coeff = 0.6306404480328319
stability_coeff = 0.7606694328773981
worst_evaluations = [(19740, 0.19069767441860466), (15040, 0.2185792349726776), (15020, 0.2524271844660194), (20000, 0.3142857142857143), (18120, 0.3269230769230769), (18220, 0.3269230769230769), (18280, 0.3269230769230769), (16580, 0.3389830508474576), (19360, 0.3403441682600382), (19420, 0.35920177383592017)]
greatest_instabilities = [(15120, -1), (15520, -1), (15860, -1), (16780, -1), (18420, -1), (18480, -1), (19180, -1), (19400, -1), (19560, -1), (15040, 0.32515337423312884)]