frame_start = 15020
frame_end = 20000
evaluation_coeff = 0.6849209303110387
stability_coeff = 0.7648224369829615
worst_evaluations = [(15040, 0.16666666666666666), (15020, 0.2524271844660194), (19100, 0.3050039714058777), (19120, 0.3050039714058777), (19140, 0.3050039714058777), (18280, 0.3269230769230769), (18840, 0.32898027229786053), (19060, 0.32898027229786053), (19360, 0.3403441682600382), (20000, 0.36470588235294116)]
greatest_instabilities = [(15120, -1), (15520, -1), (15860, -1), (16780, -1), (18420, -1), (18480, -1), (19180, -1), (19400, -1), (19560, -1), (15080, 0.3125)]