frame_start = 20
frame_end = 5000
evaluation_coeff = 0.7566952040968121
stability_coeff = 0.8660753033725573
worst_evaluations = [(3940, 0.27306616961789376), (2920, 0.39948674080410607), (3000, 0.39948674080410607), (3100, 0.39948674080410607), (3120, 0.39948674080410607), (3180, 0.39948674080410607), (3220, 0.39948674080410607), (3320, 0.39948674080410607), (3500, 0.39948674080410607), (3560, 0.39948674080410607)]
greatest_instabilities = [(20, -1), (680, -1), (2380, -1), (4780, -1), (700, 0.3257661748013621), (3940, 0.3818867924528302), (240, 0.44637223974763407), (260, 0.44637223974763407), (4080, 0.44660194174757284), (4100, 0.44660194174757284)]