frame_start = 15020
frame_end = 20000
evaluation_coeff = 0.48809343262638183
stability_coeff = 0.571973929525353
worst_evaluations = [(15880, -0.04), (15080, -0.02666666666666667), (19280, 0.06649616368286446), (18860, 0.08250966910184787), (19200, 0.09090909090909091), (19740, 0.1), (18800, 0.11229861221885468), (18920, 0.11229861221885468), (19480, 0.11374407582938388), (19980, 0.11428571428571428)]
greatest_instabilities = [(15120, -1), (15520, -1), (15860, -1), (16780, -1), (18420, -1), (18480, -1), (19180, -1), (19400, -1), (19560, -1), (17700, 0.08660351826792964)]