frame_start = 22020
frame_end = 26000
evaluation_coeff = 0.6620592402468075
stability_coeff = 0.8064730374526894
worst_evaluations = [(23800, 0.1651376146788991), (23860, 0.1651376146788991), (23880, 0.1651376146788991), (22660, 0.2776203966005666), (22700, 0.2776203966005666), (23460, 0.3128834355828221), (23900, 0.3128834355828221), (23920, 0.3128834355828221), (23940, 0.3128834355828221), (22120, 0.33557046979865773)]
greatest_instabilities = [(22140, -1), (22200, -1), (22320, -1), (22820, -1), (23120, -1), (23260, -1), (23320, -1), (24260, -1), (24320, -1), (24380, -1)]