frame_start = 22020
frame_end = 26000
evaluation_coeff = 0.6933678053448503
stability_coeff = 0.6807452331963174
worst_evaluations = [(23460, 0.1651376146788991), (23780, 0.1651376146788991), (23800, 0.1651376146788991), (23860, 0.1651376146788991), (22280, 0.23255813953488372), (22460, 0.2776203966005666), (22600, 0.2776203966005666), (22640, 0.2776203966005666), (22660, 0.2776203966005666), (22700, 0.2776203966005666)]
greatest_instabilities = [(22140, -1), (22200, -1), (22320, -1), (22820, -1), (23120, -1), (23260, -1), (23320, -1), (24260, -1), (24320, -1), (24380, -1)]