frame_start = 15020
frame_end = 20000
evaluation_coeff = 0.5542740226194018
stability_coeff = 0.5611431652738919
worst_evaluations = [(16760, -0.023622047244094488), (15900, -0.02247191011235955), (15080, 0.0), (15160, 0.0), (15180, 0.0), (15200, 0.0), (15680, 0.0), (15880, 0.0), (15980, 0.0), (16420, 0.0)]
greatest_instabilities = [(15120, -1), (15520, -1), (15860, -1), (16780, -1), (18420, -1), (18480, -1), (19180, -1), (19400, -1), (19560, -1), (16740, -0.023323615160349854)]