frame_start = 15020
frame_end = 20000
evaluation_coeff = 0.5537134505107921
stability_coeff = 0.7046682580442404
worst_evaluations = [(16660, -0.043795620437956206), (15140, 0.0), (16400, 0.145985401459854), (16680, 0.145985401459854), (16700, 0.145985401459854), (16440, 0.18110236220472442), (16720, 0.18110236220472442), (15020, 0.21428571428571427), (17400, 0.25456389452332656), (15120, 0.26666666666666666)]
greatest_instabilities = [(15120, -1), (15520, -1), (15860, -1), (16780, -1), (18420, -1), (18480, -1), (19180, -1), (19400, -1), (19560, -1), (16660, -0.02631578947368421)]