frame_start = 15020
frame_end = 20000
evaluation_coeff = 0.4993558349023688
stability_coeff = 0.5331742474368417
worst_evaluations = [(16760, -0.043795620437956206), (15160, -0.032171581769437), (15080, -0.02666666666666667), (15720, -0.02666666666666667), (15880, -0.02247191011235955), (19280, 0.006622516556291391), (19380, 0.07582938388625593), (18860, 0.08250966910184787), (16400, 0.09748892171344166), (19980, 0.11428571428571428)]
greatest_instabilities = [(15120, -1), (15520, -1), (15860, -1), (16780, -1), (18420, -1), (18480, -1), (19180, -1), (19400, -1), (19560, -1), (16760, -0.04154302670623145)]