frame_start = 15020
frame_end = 20000
evaluation_coeff = 0.7083797582863187
stability_coeff = 0.7710922466107121
worst_evaluations = [(20000, 0.26153846153846155), (15900, 0.36065573770491804), (18860, 0.3649193548387097), (18800, 0.3697478991596639), (19260, 0.3869209809264305), (19640, 0.3869209809264305), (19680, 0.3869209809264305), (18820, 0.39803439803439805), (19400, 0.40397350993377484), (15080, 0.40860215053763443)]
greatest_instabilities = [(15120, -1), (15520, -1), (15860, -1), (16780, -1), (18420, -1), (18480, -1), (19180, -1), (19400, -1), (19560, -1), (15060, 0.2556390977443609)]