frame_start = 15020
frame_end = 20000
evaluation_coeff = 0.5908288278862828
stability_coeff = 0.6732620584081013
worst_evaluations = [(19400, 0.0425531914893617), (19640, 0.0425531914893617), (19240, 0.06649616368286446), (19280, 0.06649616368286446), (18860, 0.08250966910184787), (15080, 0.08333333333333333), (19220, 0.09090909090909091), (18220, 0.09326424870466321), (18520, 0.11229861221885468), (18800, 0.11229861221885468)]
greatest_instabilities = [(15120, -1), (15520, -1), (15860, -1), (16780, -1), (18420, -1), (18480, -1), (19180, -1), (19400, -1), (19560, -1), (18220, 0.028677150786308975)]