frame_start = 15020
frame_end = 20000
evaluation_coeff = 0.3534556136697896
stability_coeff = 0.5614446203275117
worst_evaluations = [(15080, -0.1), (15880, -0.05405405405405406), (15100, -0.02666666666666667), (15720, 0.053763440860215055), (19280, 0.06649616368286446), (18860, 0.08250966910184787), (19040, 0.08254322364751812), (19460, 0.08263069139966273), (19600, 0.08290155440414508), (18280, 0.08376963350785341)]
greatest_instabilities = [(15120, -1), (15520, -1), (15860, -1), (16780, -1), (18420, -1), (18480, -1), (19180, -1), (19400, -1), (19560, -1), (15920, -0.031746031746031744)]