frame_start = 15020
frame_end = 20000
evaluation_coeff = 0.40900021377280077
stability_coeff = 0.6467071398512054
worst_evaluations = [(19740, -0.05), (15020, -0.02666666666666667), (15040, -0.02666666666666667), (16600, -0.023622047244094488), (16680, -0.023622047244094488), (19780, 0.08235294117647059), (19900, 0.08235294117647059), (19420, 0.08298755186721991), (19380, 0.09090909090909091), (16620, 0.11564625850340136)]
greatest_instabilities = [(15120, -1), (15520, -1), (15860, -1), (16780, -1), (18420, -1), (18480, -1), (19180, -1), (19400, -1), (19560, -1), (16320, -0.017391304347826087)]