frame_start = 15020
frame_end = 20000
evaluation_coeff = 0.7008096456737374
stability_coeff = 0.7725340610325114
worst_evaluations = [(15020, 0.2524271844660194), (20000, 0.3142857142857143), (18860, 0.3649193548387097), (18800, 0.3697478991596639), (19640, 0.3869209809264305), (19660, 0.3869209809264305), (19680, 0.3869209809264305), (15040, 0.40860215053763443), (15080, 0.40860215053763443), (18560, 0.4198895027624309)]
greatest_instabilities = [(15120, -1), (15520, -1), (15860, -1), (16780, -1), (18420, -1), (18480, -1), (19180, -1), (19400, -1), (19560, -1), (15020, 0.12871287128712872)]