frame_start = 15020
frame_end = 20000
evaluation_coeff = 0.6384609017598939
stability_coeff = 0.672529545221469
worst_evaluations = [(15080, -0.02666666666666667), (16220, 0.145985401459854), (16760, 0.145985401459854), (15920, 0.18018018018018017), (16140, 0.18110236220472442), (16180, 0.18110236220472442), (16240, 0.18110236220472442), (16500, 0.18110236220472442), (15040, 0.21428571428571427), (15740, 0.21428571428571427)]
greatest_instabilities = [(15120, -1), (15520, -1), (15860, -1), (16780, -1), (18420, -1), (18480, -1), (19180, -1), (19400, -1), (19560, -1), (15060, -0.025906735751295335)]