frame_start = 15020
frame_end = 20000
evaluation_coeff = 0.6105947546057703
stability_coeff = 0.7894563435509482
worst_evaluations = [(16660, 0.11564625850340136), (16680, 0.25477707006369427), (16340, 0.2925170068027211), (16500, 0.2925170068027211), (16540, 0.2925170068027211), (16560, 0.2925170068027211), (16580, 0.2925170068027211), (16700, 0.2925170068027211), (16720, 0.2925170068027211), (20000, 0.3142857142857143)]
greatest_instabilities = [(15120, -1), (15520, -1), (15860, -1), (16780, -1), (18420, -1), (18480, -1), (19180, -1), (19400, -1), (19560, -1), (16840, 0.384)]