frame_start = 15020
frame_end = 20000
evaluation_coeff = 0.30370300995138316
stability_coeff = 0.4080133080469971
worst_evaluations = [(15040, -0.11594202898550725), (17700, -0.07823960880195599), (19480, -0.07308970099667775), (15540, -0.047619047619047616), (15760, -0.047619047619047616), (18300, -0.04477611940298507), (16340, -0.043795620437956206), (19660, 0.04), (15080, 0.045662100456621), (19920, 0.05263157894736842)]
greatest_instabilities = [(15120, -1), (15520, -1), (15860, -1), (16780, -1), (18420, -1), (18480, -1), (19180, -1), (19400, -1), (19560, -1), (16460, -0.08083140877598152)]