frame_start = 20
frame_end = 5000
evaluation_coeff = 0.5381122415272855
stability_coeff = 0.7999961444585553
worst_evaluations = [(3140, 0.1194230124119423), (3720, 0.2049219119734974), (3780, 0.2049219119734974), (3820, 0.2049219119734974), (3840, 0.2049219119734974), (3860, 0.2049219119734974), (4340, 0.2049219119734974), (2000, 0.21428571428571427), (2220, 0.21428571428571427), (2620, 0.21983089930822444)]
greatest_instabilities = [(680, -1), (860, -1), (2380, -1), (2520, -1), (4780, -1), (320, 0.33660855784469096), (1540, 0.3403441682600382), (1520, 0.36619718309859156), (3760, 0.4123134328358209), (400, 0.43757725587144625)]