frame_start = 15020
frame_end = 20000
evaluation_coeff = 0.6204388961674844
stability_coeff = 0.8060791942767844
worst_evaluations = [(16660, 0.11564625850340136), (16480, 0.2925170068027211), (16500, 0.2925170068027211), (16520, 0.2925170068027211), (20000, 0.3142857142857143), (19420, 0.3323262839879154), (18080, 0.33753943217665616), (18160, 0.33753943217665616), (16560, 0.3389830508474576), (16580, 0.3389830508474576)]
greatest_instabilities = [(15120, -1), (15520, -1), (15860, -1), (16780, -1), (18420, -1), (18480, -1), (19180, -1), (19400, -1), (19560, -1), (19380, 0.36454849498327757)]