frame_start = 15020
frame_end = 20000
evaluation_coeff = 0.3329308990376112
stability_coeff = 0.3144655044197945
worst_evaluations = [(19280, -0.06060606060606061), (15140, -0.057692307692307696), (15340, -0.057692307692307696), (15940, -0.05405405405405406), (15080, -0.047619047619047616), (15540, -0.047619047619047616), (15160, -0.032171581769437), (15980, -0.023622047244094488), (15880, -0.02247191011235955), (16440, 0.04519774011299435)]
greatest_instabilities = [(15120, -1), (15520, -1), (15860, -1), (16780, -1), (18420, -1), (18480, -1), (19180, -1), (19400, -1), (19560, -1), (15700, -0.07518796992481203)]