frame_start = 15020
frame_end = 20000
evaluation_coeff = 0.40579151358272075
stability_coeff = 0.6637331986769752
worst_evaluations = [(19740, -0.05), (15020, -0.02666666666666667), (15040, -0.02666666666666667), (16600, -0.023622047244094488), (16680, -0.023622047244094488), (16760, -0.023622047244094488), (16460, 0.0), (19780, 0.08235294117647059), (19860, 0.08235294117647059), (19900, 0.08235294117647059)]
greatest_instabilities = [(15120, -1), (15520, -1), (15860, -1), (16780, -1), (18420, -1), (18480, -1), (19180, -1), (19400, -1), (19560, -1), (16480, -0.017391304347826087)]