frame_start = 15020
frame_end = 20000
evaluation_coeff = 0.5797894734995244
stability_coeff = 0.8018095125455105
worst_evaluations = [(15020, -0.02666666666666667), (16660, 0.11564625850340136), (16680, 0.11564625850340136), (16700, 0.145985401459854), (17300, 0.18333333333333332), (17320, 0.24615384615384617), (16460, 0.2925170068027211), (16480, 0.2925170068027211), (16500, 0.2925170068027211), (16520, 0.2925170068027211)]
greatest_instabilities = [(15120, -1), (15520, -1), (15860, -1), (16780, -1), (18420, -1), (18480, -1), (19180, -1), (19400, -1), (19560, -1), (17280, 0.25213675213675213)]