frame_start = 15020
frame_end = 20000
evaluation_coeff = 0.4718034151315354
stability_coeff = 0.634987554642255
worst_evaluations = [(15600, 0.07536231884057971), (18860, 0.08250966910184787), (18800, 0.11229861221885468), (18880, 0.11229861221885468), (18920, 0.11229861221885468), (19040, 0.11229861221885468), (19060, 0.11229861221885468), (15640, 0.11814345991561181), (15780, 0.11814345991561181), (15100, 0.13058419243986255)]
greatest_instabilities = [(15120, -1), (15520, -1), (15860, -1), (16780, -1), (18420, -1), (18480, -1), (19180, -1), (19400, -1), (19560, -1), (16400, 0.13333333333333333)]