frame_start = 15020
frame_end = 20000
evaluation_coeff = 0.5993693388574404
stability_coeff = 0.681681977156416
worst_evaluations = [(15600, 0.07536231884057971), (18860, 0.08250966910184787), (18520, 0.11229861221885468), (18800, 0.11229861221885468), (19060, 0.11229861221885468), (15080, 0.13058419243986255), (15880, 0.16374269005847952), (15760, 0.2109704641350211), (15820, 0.2109704641350211), (19240, 0.2127659574468085)]
greatest_instabilities = [(15120, -1), (15520, -1), (15860, -1), (16780, -1), (18420, -1), (18480, -1), (19180, -1), (19400, -1), (19560, -1), (15580, 0.04532304725168756)]