frame_start = 15020
frame_end = 20000
evaluation_coeff = 0.37256332058272124
stability_coeff = 0.44479636172984255
worst_evaluations = [(15140, -0.057692307692307696), (16760, -0.043795620437956206), (15900, -0.04), (15940, -0.04), (15400, -0.032171581769437), (15080, -0.02666666666666667), (15720, -0.02666666666666667), (16400, -0.023622047244094488), (15880, -0.02247191011235955), (15100, 0.0)]
greatest_instabilities = [(15120, -1), (15520, -1), (15860, -1), (16780, -1), (18420, -1), (18480, -1), (19180, -1), (19400, -1), (19560, -1), (15960, -0.04)]