frame_start = 15020
frame_end = 20000
evaluation_coeff = 0.41750771649595203
stability_coeff = 0.458331277728175
worst_evaluations = [(15080, -0.02666666666666667), (15740, -0.02666666666666667), (15760, -0.02666666666666667), (16080, -0.023622047244094488), (16360, -0.023622047244094488), (16660, -0.023622047244094488), (16760, -0.023622047244094488), (15900, -0.02247191011235955), (15140, 0.0), (15160, 0.0)]
greatest_instabilities = [(15120, -1), (15520, -1), (15860, -1), (16780, -1), (18420, -1), (18480, -1), (19180, -1), (19400, -1), (19560, -1), (16000, -0.035398230088495575)]