frame_start = 15020
frame_end = 20000
evaluation_coeff = 0.2241850078432403
stability_coeff = 0.2770088774393757
worst_evaluations = [(15880, -0.06557377049180328), (15820, -0.06451612903225806), (16420, -0.061224489795918366), (19900, -0.058823529411764705), (15100, -0.047619047619047616), (15540, -0.047619047619047616), (15700, -0.047619047619047616), (15720, -0.047619047619047616), (16600, -0.043795620437956206), (15900, -0.04)]
greatest_instabilities = [(15120, -1), (15520, -1), (15860, -1), (16780, -1), (18420, -1), (18480, -1), (19180, -1), (19400, -1), (19560, -1), (16700, -0.0684931506849315)]