frame_start = 15020
frame_end = 20000
evaluation_coeff = 0.670296281865743
stability_coeff = 0.7246396351336181
worst_evaluations = [(18520, 0.11229861221885468), (19500, 0.205607476635514), (19240, 0.2127659574468085), (15880, 0.22), (15020, 0.2524271844660194), (16400, 0.25477707006369427), (18640, 0.26324703605129446), (19100, 0.3050039714058777), (18800, 0.32898027229786053), (18840, 0.32898027229786053)]
greatest_instabilities = [(15120, -1), (15520, -1), (15860, -1), (16780, -1), (18420, -1), (18480, -1), (19180, -1), (19400, -1), (19560, -1), (15100, 0.12234042553191489)]