frame_start = 15020
frame_end = 20000
evaluation_coeff = 0.6850116109905503
stability_coeff = 0.7792385666505953
worst_evaluations = [(20000, 0.3142857142857143), (18800, 0.3697478991596639), (19640, 0.3869209809264305), (19680, 0.3869209809264305), (15040, 0.40860215053763443), (15080, 0.40860215053763443), (16100, 0.42038216560509556), (16500, 0.42038216560509556), (16520, 0.42038216560509556), (16640, 0.42038216560509556)]
greatest_instabilities = [(15120, -1), (15520, -1), (15860, -1), (16780, -1), (18420, -1), (18480, -1), (19180, -1), (19400, -1), (19560, -1), (19380, 0.36454849498327757)]