frame_start = 15020
frame_end = 20000
evaluation_coeff = 0.5937263199214958
stability_coeff = 0.7994962407947421
worst_evaluations = [(16680, 0.08917197452229299), (16580, 0.11564625850340136), (16660, 0.11564625850340136), (16560, 0.145985401459854), (17320, 0.24615384615384617), (16520, 0.2925170068027211), (20000, 0.3142857142857143), (19420, 0.3323262839879154), (18080, 0.33753943217665616), (18160, 0.33753943217665616)]
greatest_instabilities = [(15120, -1), (15520, -1), (15860, -1), (16780, -1), (18420, -1), (18480, -1), (19180, -1), (19400, -1), (19560, -1), (19380, 0.36454849498327757)]