frame_start = 15020
frame_end = 20000
evaluation_coeff = 0.6535210976208057
stability_coeff = 0.7010380531559541
worst_evaluations = [(18860, 0.08250966910184787), (18800, 0.11229861221885468), (15640, 0.1803921568627451), (19280, 0.21052631578947367), (15760, 0.2109704641350211), (15820, 0.2109704641350211), (19240, 0.2127659574468085), (18640, 0.23952405587170203), (18560, 0.2494639027877055), (15020, 0.2524271844660194)]
greatest_instabilities = [(15120, -1), (15520, -1), (15860, -1), (16780, -1), (18420, -1), (18480, -1), (19180, -1), (19400, -1), (19560, -1), (18860, 0.08886894075403949)]