frame_start = 15020
frame_end = 20000
evaluation_coeff = 0.5475018627006395
stability_coeff = 0.5947685780715395
worst_evaluations = [(15880, -0.05405405405405406), (15080, -0.02666666666666667), (19280, 0.030418250950570342), (18860, 0.08250966910184787), (19380, 0.09090909090909091), (18800, 0.11229861221885468), (19980, 0.11428571428571428), (15160, 0.12350597609561753), (19640, 0.15868673050615595), (17160, 0.16)]
greatest_instabilities = [(15120, -1), (15520, -1), (15860, -1), (16780, -1), (18420, -1), (18480, -1), (19180, -1), (19400, -1), (19560, -1), (15060, -0.024844720496894408)]