frame_start = 15020
frame_end = 20000
evaluation_coeff = 0.4576088245501045
stability_coeff = 0.687206059596957
worst_evaluations = [(19740, -0.05), (15020, -0.02666666666666667), (16480, -0.023622047244094488), (16640, -0.023622047244094488), (16660, -0.023622047244094488), (16680, -0.023622047244094488), (19780, 0.08235294117647059), (19860, 0.08235294117647059), (19900, 0.08235294117647059), (19420, 0.08298755186721991)]
greatest_instabilities = [(15120, -1), (15520, -1), (15860, -1), (16780, -1), (18420, -1), (18480, -1), (19180, -1), (19400, -1), (19560, -1), (15040, -0.023255813953488372)]