frame_start = 15020
frame_end = 20000
evaluation_coeff = 0.6348702807243827
stability_coeff = 0.708909599964199
worst_evaluations = [(15080, -0.02666666666666667), (16700, 0.145985401459854), (17340, 0.24615384615384617), (20000, 0.26153846153846155), (16080, 0.2925170068027211), (16100, 0.2925170068027211), (16300, 0.2925170068027211), (16380, 0.2925170068027211), (16480, 0.2925170068027211), (16640, 0.2925170068027211)]
greatest_instabilities = [(15120, -1), (15520, -1), (15860, -1), (16780, -1), (18420, -1), (18480, -1), (19180, -1), (19400, -1), (19560, -1), (15060, -0.020618556701030927)]