frame_start = 15020
frame_end = 20000
evaluation_coeff = 0.45415478243162544
stability_coeff = 0.5822667648610835
worst_evaluations = [(15080, -0.02666666666666667), (19280, 0.030418250950570342), (18860, 0.08250966910184787), (19600, 0.09090909090909091), (19620, 0.09090909090909091), (16400, 0.09748892171344166), (18800, 0.11229861221885468), (19880, 0.11428571428571428), (19980, 0.11428571428571428), (17880, 0.11847014925373134)]
greatest_instabilities = [(15120, -1), (15520, -1), (15860, -1), (16780, -1), (18420, -1), (18480, -1), (19180, -1), (19400, -1), (19560, -1), (15060, 0.03414634146341464)]