frame_start = 15020
frame_end = 20000
evaluation_coeff = 0.2740477613456367
stability_coeff = 0.37065262105320435
worst_evaluations = [(15080, -0.09009009009009009), (15020, -0.0784313725490196), (15720, -0.0784313725490196), (15860, -0.06451612903225806), (19560, -0.0625), (16120, -0.061224489795918366), (15160, -0.057692307692307696), (15120, -0.047619047619047616), (15820, -0.047619047619047616), (19280, -0.046511627906976744)]
greatest_instabilities = [(15120, -1), (15520, -1), (15860, -1), (16780, -1), (18420, -1), (18480, -1), (19180, -1), (19400, -1), (19560, -1), (16000, -0.06557377049180328)]