frame_start = 15020
frame_end = 20000
evaluation_coeff = 0.7082158076399181
stability_coeff = 0.7685996562069772
worst_evaluations = [(19240, 0.2127659574468085), (15720, 0.3063063063063063), (18860, 0.3649193548387097), (18800, 0.3697478991596639), (19640, 0.3869209809264305), (19660, 0.3869209809264305), (19680, 0.3869209809264305), (18820, 0.39803439803439805), (15080, 0.40860215053763443), (15880, 0.4144144144144144)]
greatest_instabilities = [(15120, -1), (15520, -1), (15860, -1), (16780, -1), (18420, -1), (18480, -1), (19180, -1), (19400, -1), (19560, -1), (15060, 0.2556390977443609)]