frame_start = 15020
frame_end = 20000
evaluation_coeff = 0.6284883741748138
stability_coeff = 0.7754614981178591
worst_evaluations = [(16660, 0.11564625850340136), (16540, 0.2925170068027211), (16580, 0.2925170068027211), (16700, 0.2925170068027211), (20000, 0.3142857142857143), (19940, 0.34545454545454546), (17020, 0.35384615384615387), (16620, 0.3772455089820359), (16860, 0.384), (17160, 0.384)]
greatest_instabilities = [(15120, -1), (15520, -1), (15860, -1), (16780, -1), (18420, -1), (18480, -1), (19180, -1), (19400, -1), (19560, -1), (16660, 0.23529411764705882)]