frame_start = 15020
frame_end = 20000
evaluation_coeff = 0.2928560381425533
stability_coeff = 0.6480582709611695
worst_evaluations = [(19740, -0.05), (16620, -0.043795620437956206), (15020, -0.02666666666666667), (15040, -0.02666666666666667), (16080, -0.023622047244094488), (16340, -0.023622047244094488), (16460, -0.023622047244094488), (16480, -0.023622047244094488), (16500, -0.023622047244094488), (16540, -0.023622047244094488)]
greatest_instabilities = [(15120, -1), (15520, -1), (15860, -1), (16780, -1), (18420, -1), (18480, -1), (19180, -1), (19400, -1), (19560, -1), (17700, -0.023391812865497075)]