frame_start = 15020
frame_end = 20000
evaluation_coeff = 0.3613174105072353
stability_coeff = 0.5109962431038035
worst_evaluations = [(15880, -0.023622047244094488), (19540, 0.01034928848641656), (19200, 0.03333333333333333), (15100, 0.0375), (19400, 0.0425531914893617), (19680, 0.0425531914893617), (15080, 0.045662100456621), (15720, 0.053763440860215055), (19800, 0.05384615384615385), (19280, 0.0625)]
greatest_instabilities = [(15120, -1), (15520, -1), (15860, -1), (16780, -1), (18420, -1), (18480, -1), (19180, -1), (19400, -1), (19560, -1), (18120, -0.12385321100917432)]