frame_start = 15020
frame_end = 20000
evaluation_coeff = 0.6471930055704906
stability_coeff = 0.6825208593691473
worst_evaluations = [(15080, -0.047619047619047616), (15880, -0.02247191011235955), (15160, 0.0), (16760, 0.145985401459854), (15900, 0.18018018018018017), (19280, 0.2052980132450331), (19500, 0.205607476635514), (15920, 0.22), (18660, 0.2494042891183479), (20000, 0.26153846153846155)]
greatest_instabilities = [(15120, -1), (15520, -1), (15860, -1), (16780, -1), (18420, -1), (18480, -1), (19180, -1), (19400, -1), (19560, -1), (15060, -0.04524886877828054)]