frame_start = 15020
frame_end = 20000
evaluation_coeff = 0.601897519322403
stability_coeff = 0.61794783587418
worst_evaluations = [(15080, -0.047619047619047616), (16760, -0.023622047244094488), (15880, -0.02247191011235955), (15900, -0.02247191011235955), (15160, 0.0), (15180, 0.0), (15200, 0.0), (15980, 0.0), (19280, 0.0625), (16220, 0.145985401459854)]
greatest_instabilities = [(15120, -1), (15520, -1), (15860, -1), (16780, -1), (18420, -1), (18480, -1), (19180, -1), (19400, -1), (19560, -1), (15060, -0.042105263157894736)]