frame_start = 15020
frame_end = 20000
evaluation_coeff = 0.5264991696818043
stability_coeff = 0.5359829917897956
worst_evaluations = [(16760, -0.043795620437956206), (15900, -0.04), (15080, -0.02666666666666667), (15720, -0.02666666666666667), (15880, -0.02247191011235955), (15160, 0.0), (19280, 0.030418250950570342), (19700, 0.07582938388625593), (19380, 0.09090909090909091), (19440, 0.09734513274336283)]
greatest_instabilities = [(15120, -1), (15520, -1), (15860, -1), (16780, -1), (18420, -1), (18480, -1), (19180, -1), (19400, -1), (19560, -1), (16760, -0.04154302670623145)]