frame_start = 15020
frame_end = 20000
evaluation_coeff = 0.30538292933261396
stability_coeff = 0.7062543949643899
worst_evaluations = [(16620, -0.02564102564102564), (16260, 0.02576112412177986), (16500, 0.045871559633027525), (15160, 0.06779661016949153), (15180, 0.06779661016949153), (15240, 0.06779661016949153), (15400, 0.06779661016949153), (15420, 0.06779661016949153), (15440, 0.06779661016949153), (15740, 0.07536231884057971)]
greatest_instabilities = [(15020, -1), (15120, -1), (15520, -1), (15860, -1), (16780, -1), (18420, -1), (18480, -1), (19180, -1), (19400, -1), (19560, -1)]