frame_start = 15020
frame_end = 20000
evaluation_coeff = 0.6023761661684408
stability_coeff = 0.6628447916423991
worst_evaluations = [(15080, -0.047619047619047616), (18860, 0.08250966910184787), (19420, 0.205607476635514), (19500, 0.205607476635514), (19520, 0.205607476635514), (19240, 0.2127659574468085), (19580, 0.2127659574468085), (20000, 0.2153846153846154), (19680, 0.22562141491395793), (18580, 0.23952405587170203)]
greatest_instabilities = [(15120, -1), (15520, -1), (15860, -1), (16780, -1), (18420, -1), (18480, -1), (19180, -1), (19400, -1), (19560, -1), (15080, -0.03773584905660377)]