frame_start = 15020
frame_end = 20000
evaluation_coeff = 0.5628682045269752
stability_coeff = 0.6669723162808295
worst_evaluations = [(18860, 0.08250966910184787), (18520, 0.11229861221885468), (18800, 0.11229861221885468), (18880, 0.11229861221885468), (18920, 0.11229861221885468), (19040, 0.11229861221885468), (19060, 0.11229861221885468), (15100, 0.13058419243986255), (15880, 0.16374269005847952), (15820, 0.1803921568627451)]
greatest_instabilities = [(15120, -1), (15520, -1), (15860, -1), (16780, -1), (18420, -1), (18480, -1), (19180, -1), (19400, -1), (19560, -1), (15080, 0.11435239206534423)]