frame_start = 15020
frame_end = 20000
evaluation_coeff = 0.6558956463805885
stability_coeff = 0.6907528631465898
worst_evaluations = [(15080, -0.047619047619047616), (16760, -0.023622047244094488), (15900, -0.02247191011235955), (15920, 0.18018018018018017), (19280, 0.2052980132450331), (19240, 0.2127659574468085), (15880, 0.22), (19120, 0.26324703605129446), (15120, 0.26666666666666666), (15860, 0.26666666666666666)]
greatest_instabilities = [(15120, -1), (15520, -1), (15860, -1), (16780, -1), (18420, -1), (18480, -1), (19180, -1), (19400, -1), (19560, -1), (15080, -0.03773584905660377)]