frame_start = 15020
frame_end = 20000
evaluation_coeff = 0.7398687931829225
stability_coeff = 0.802700674538579
worst_evaluations = [(15040, 0.16666666666666666), (15140, 0.2224316682375118), (20000, 0.3142857142857143), (18280, 0.3269230769230769), (19460, 0.34941763727121466), (19640, 0.3869209809264305), (19660, 0.3869209809264305), (19680, 0.3869209809264305), (18560, 0.44346289752650175), (19480, 0.4750593824228028)]
greatest_instabilities = [(15020, -1), (15120, -1), (15520, -1), (15860, -1), (16780, -1), (18420, -1), (18480, -1), (19180, -1), (19400, -1), (19560, -1)]