frame_start = 15020
frame_end = 20000
evaluation_coeff = 0.6615002266530534
stability_coeff = 0.7466602741694953
worst_evaluations = [(18860, 0.08250966910184787), (19240, 0.2127659574468085), (16300, 0.23529411764705882), (19120, 0.23952405587170203), (15020, 0.2524271844660194), (15040, 0.2524271844660194), (19360, 0.2583732057416268), (15900, 0.25906735751295334), (18640, 0.26324703605129446), (15120, 0.2948717948717949)]
greatest_instabilities = [(15120, -1), (15520, -1), (15860, -1), (16780, -1), (18420, -1), (18480, -1), (19180, -1), (19400, -1), (19560, -1), (18860, 0.08886894075403949)]