frame_start = 15020
frame_end = 20000
evaluation_coeff = 0.5631926613594284
stability_coeff = 0.794192366907536
worst_evaluations = [(15020, -0.02666666666666667), (16660, 0.11564625850340136), (16680, 0.11564625850340136), (16580, 0.145985401459854), (16700, 0.145985401459854), (17300, 0.18333333333333332), (18560, 0.23580786026200873), (17320, 0.24615384615384617), (19860, 0.2571428571428571), (19880, 0.2571428571428571)]
greatest_instabilities = [(15120, -1), (15520, -1), (15860, -1), (16780, -1), (18420, -1), (18480, -1), (19180, -1), (19400, -1), (19560, -1), (19380, 0.3181818181818182)]