frame_start = 15020
frame_end = 20000
evaluation_coeff = 0.3979664228415248
stability_coeff = 0.5748059263769629
worst_evaluations = [(19740, 0.01818181818181818), (19480, 0.06394316163410302), (19280, 0.06649616368286446), (18860, 0.08250966910184787), (19600, 0.08290155440414508), (18280, 0.08376963350785341), (16760, 0.0896358543417367), (19380, 0.09090909090909091), (19620, 0.09090909090909091), (18220, 0.09326424870466321)]
greatest_instabilities = [(15120, -1), (15520, -1), (15860, -1), (16780, -1), (18420, -1), (18480, -1), (19180, -1), (19400, -1), (19560, -1), (18200, 0.054966248794599805)]