frame_start = 21600
frame_end = 26020
evaluation_coeff = 0.8666064949162721
stability_coeff = 0.7569114930098587
worst_evaluations = [(21600, 0.0), (23900, 0.3128834355828221), (22600, 0.3229689067201605), (22640, 0.3229689067201605), (22660, 0.3229689067201605), (22280, 0.411214953271028), (22400, 0.4329896907216495), (22540, 0.4329896907216495), (22560, 0.4329896907216495), (22680, 0.4329896907216495)]
greatest_instabilities = [(21760, -1), (21860, -1), (22140, -1), (22200, -1), (22320, -1), (22820, -1), (23120, -1), (23260, -1), (23320, -1), (24260, -1)]