frame_start = 15020
frame_end = 20000
evaluation_coeff = 0.6849342430652423
stability_coeff = 0.7759127228449684
worst_evaluations = [(16700, 0.2925170068027211), (20000, 0.3142857142857143), (18800, 0.3697478991596639), (19640, 0.3869209809264305), (19680, 0.3869209809264305), (19400, 0.40397350993377484), (15040, 0.40860215053763443), (15080, 0.40860215053763443), (16300, 0.42038216560509556), (16340, 0.42038216560509556)]
greatest_instabilities = [(15120, -1), (15520, -1), (15860, -1), (16780, -1), (18420, -1), (18480, -1), (19180, -1), (19400, -1), (19560, -1), (16680, 0.23529411764705882)]