frame_start = 15020
frame_end = 20000
evaluation_coeff = 0.4994604021667368
stability_coeff = 0.6274615675248933
worst_evaluations = [(18860, 0.08250966910184787), (15100, 0.11003236245954692), (18800, 0.11229861221885468), (18880, 0.11229861221885468), (18920, 0.11229861221885468), (19060, 0.11229861221885468), (19980, 0.11428571428571428), (15720, 0.16666666666666666), (15780, 0.1803921568627451), (15880, 0.1875)]
greatest_instabilities = [(15120, -1), (15520, -1), (15860, -1), (16780, -1), (18420, -1), (18480, -1), (19180, -1), (19400, -1), (19560, -1), (15700, 0.136986301369863)]