frame_start = 15020
frame_end = 20000
evaluation_coeff = 0.5165160823995304
stability_coeff = 0.6425075044425261
worst_evaluations = [(15600, 0.053763440860215055), (19280, 0.06649616368286446), (18860, 0.08250966910184787), (19460, 0.09404388714733543), (18800, 0.11229861221885468), (18920, 0.11229861221885468), (15840, 0.11814345991561181), (15060, 0.13058419243986255), (15080, 0.13058419243986255), (17160, 0.16)]
greatest_instabilities = [(15120, -1), (15520, -1), (15860, -1), (16780, -1), (18420, -1), (18480, -1), (19180, -1), (19400, -1), (19560, -1), (18900, 0.14159581425768475)]