frame_start = 15020
frame_end = 20000
evaluation_coeff = 0.3869374530358805
stability_coeff = 0.5189205234058196
worst_evaluations = [(15080, -0.06451612903225806), (19640, -0.046511627906976744), (15160, -0.032171581769437), (19280, 0.06649616368286446), (18860, 0.08250966910184787), (19460, 0.08263069139966273), (19480, 0.08298755186721991), (18280, 0.08376963350785341), (15880, 0.10625), (15100, 0.10810810810810811)]
greatest_instabilities = [(15120, -1), (15520, -1), (15860, -1), (16780, -1), (18420, -1), (18480, -1), (19180, -1), (19400, -1), (19560, -1), (15080, -0.060240963855421686)]