frame_start = 15020
frame_end = 20000
evaluation_coeff = 0.5327205851766117
stability_coeff = 0.7464576992712411
worst_evaluations = [(15020, -0.02666666666666667), (16700, -0.023622047244094488), (16340, 0.145985401459854), (16660, 0.145985401459854), (18080, 0.21267893660531698), (15720, 0.21428571428571427), (20000, 0.21739130434782608), (17320, 0.24615384615384617), (19420, 0.2468354430379747), (17400, 0.25456389452332656)]
greatest_instabilities = [(15120, -1), (15520, -1), (15860, -1), (16780, -1), (18420, -1), (18480, -1), (19180, -1), (19400, -1), (19560, -1), (17280, 0.26229508196721313)]