frame_start = 15020
frame_end = 20000
evaluation_coeff = 0.5918368035990924
stability_coeff = 0.6749806850527393
worst_evaluations = [(18860, 0.08250966910184787), (18800, 0.11229861221885468), (15780, 0.1803921568627451), (15880, 0.192090395480226), (19420, 0.205607476635514), (19500, 0.205607476635514), (19520, 0.205607476635514), (19280, 0.21052631578947367), (15760, 0.2109704641350211), (15820, 0.2109704641350211)]
greatest_instabilities = [(15120, -1), (15520, -1), (15860, -1), (16780, -1), (18420, -1), (18480, -1), (19180, -1), (19400, -1), (19560, -1), (18860, 0.08886894075403949)]