frame_start = 15020
frame_end = 20000
evaluation_coeff = 0.5564472228455076
stability_coeff = 0.7804116059455127
worst_evaluations = [(15020, -0.02666666666666667), (16660, 0.11564625850340136), (16680, 0.11564625850340136), (16700, 0.145985401459854), (17300, 0.18333333333333332), (18080, 0.21267893660531698), (17320, 0.24615384615384617), (19420, 0.2468354430379747), (19860, 0.2571428571428571), (19940, 0.2571428571428571)]
greatest_instabilities = [(15120, -1), (15520, -1), (15860, -1), (16780, -1), (18420, -1), (18480, -1), (19180, -1), (19400, -1), (19560, -1), (19380, 0.2607003891050584)]