frame_start = 15020
frame_end = 20000
evaluation_coeff = 0.6250123461171709
stability_coeff = 0.7274318168792415
worst_evaluations = [(19360, 0.06649616368286446), (15560, 0.08333333333333333), (15040, 0.16666666666666666), (19400, 0.19130434782608696), (19640, 0.19130434782608696), (15060, 0.19791666666666666), (15100, 0.19791666666666666), (17580, 0.20322043309272628), (15620, 0.2109704641350211), (15240, 0.2224316682375118)]
greatest_instabilities = [(15120, -1), (15520, -1), (15860, -1), (16780, -1), (18420, -1), (18480, -1), (19180, -1), (19400, -1), (19560, -1), (15560, 0.11343283582089553)]