frame_start = 20
frame_end = 5000
evaluation_coeff = 0.8226331990112237
stability_coeff = 0.9434649801193258
worst_evaluations = [(3940, 0.39948674080410607), (40, 0.4774665042630938), (720, 0.48031496062992124), (260, 0.5049365303244006), (60, 0.5108323831242874), (80, 0.5108323831242874), (100, 0.5108323831242874), (120, 0.5108323831242874), (140, 0.5108323831242874), (160, 0.5108323831242874)]
greatest_instabilities = [(20, -1), (680, -1), (2380, -1), (4780, -1), (720, 0.5473251028806584), (3920, 0.5720555961960497), (3940, 0.5720555961960497), (580, 0.6377708978328174), (740, 0.6507936507936508), (280, 0.7045454545454546)]