frame_start = 15020
frame_end = 20000
evaluation_coeff = 0.237386254301516
stability_coeff = 0.3084528786282119
worst_evaluations = [(19380, -0.08), (15200, -0.0784313725490196), (19760, -0.06666666666666667), (15840, -0.06451612903225806), (16680, -0.061224489795918366), (19700, -0.05405405405405406), (18380, -0.05351170568561873), (15540, -0.047619047619047616), (15760, -0.047619047619047616), (16160, -0.043795620437956206)]
greatest_instabilities = [(15120, -1), (15520, -1), (15860, -1), (16780, -1), (18420, -1), (18480, -1), (19180, -1), (19400, -1), (19560, -1), (15200, -0.0664819944598338)]