frame_start = 15020
frame_end = 20000
evaluation_coeff = 0.3304638723098355
stability_coeff = 0.454113639701121
worst_evaluations = [(15540, -0.06451612903225806), (19380, -0.05405405405405406), (19740, -0.04516129032258064), (15080, -0.02666666666666667), (15880, -0.02247191011235955), (15160, 0.0), (19280, 0.0), (19700, 0.01384083044982699), (16560, 0.04519774011299435), (18860, 0.08250966910184787)]
greatest_instabilities = [(15120, -1), (15520, -1), (15860, -1), (16780, -1), (18420, -1), (18480, -1), (19180, -1), (19400, -1), (19560, -1), (15880, -0.020942408376963352)]