frame_start = 15020
frame_end = 20000
evaluation_coeff = 0.5736229144973027
stability_coeff = 0.7415741324271673
worst_evaluations = [(16660, 0.11564625850340136), (16580, 0.145985401459854), (16700, 0.145985401459854), (17300, 0.18333333333333332), (15020, 0.21428571428571427), (17340, 0.24615384615384617), (19420, 0.2468354430379747), (16680, 0.25477707006369427), (20000, 0.28), (16340, 0.2925170068027211)]
greatest_instabilities = [(15120, -1), (15520, -1), (15860, -1), (16780, -1), (18420, -1), (18480, -1), (19180, -1), (19400, -1), (19560, -1), (17280, 0.25213675213675213)]