frame_start = 15020
frame_end = 20000
evaluation_coeff = 0.6211328816919143
stability_coeff = 0.6996091944973343
worst_evaluations = [(18860, 0.08250966910184787), (18520, 0.11229861221885468), (18800, 0.11229861221885468), (19060, 0.11229861221885468), (19420, 0.205607476635514), (19500, 0.205607476635514), (19520, 0.205607476635514), (16400, 0.20689655172413793), (15720, 0.2109704641350211), (15760, 0.2109704641350211)]
greatest_instabilities = [(15120, -1), (15520, -1), (15860, -1), (16780, -1), (18420, -1), (18480, -1), (19180, -1), (19400, -1), (19560, -1), (18860, 0.08886894075403949)]