frame_start = 15020
frame_end = 20000
evaluation_coeff = 0.6934908577555172
stability_coeff = 0.7735596216143619
worst_evaluations = [(19240, 0.2127659574468085), (15020, 0.2524271844660194), (15040, 0.2524271844660194), (19120, 0.26324703605129446), (15120, 0.2948717948717949), (20000, 0.3142857142857143), (18280, 0.3269230769230769), (19400, 0.3597560975609756), (18860, 0.3649193548387097), (18800, 0.3697478991596639)]
greatest_instabilities = [(15120, -1), (15520, -1), (15860, -1), (16780, -1), (18420, -1), (18480, -1), (19180, -1), (19400, -1), (19560, -1), (15100, 0.12234042553191489)]