frame_start = 15020
frame_end = 20000
evaluation_coeff = 0.1952597430505201
stability_coeff = 0.2105426372013577
worst_evaluations = [(15080, -0.09009009009009009), (15720, -0.09009009009009009), (19700, -0.08695652173913043), (15180, -0.0784313725490196), (15460, -0.0784313725490196), (15560, -0.0784313725490196), (15940, -0.07518796992481203), (19340, -0.07142857142857142), (19120, -0.06986899563318777), (19400, -0.06635071090047394)]
greatest_instabilities = [(15120, -1), (15520, -1), (15860, -1), (16780, -1), (18420, -1), (18480, -1), (19180, -1), (19400, -1), (19560, -1), (18280, -0.07655502392344497)]