frame_start = 15020
frame_end = 20000
evaluation_coeff = 0.5669150832425728
stability_coeff = 0.6680792758877898
worst_evaluations = [(15080, -0.06451612903225806), (19280, 0.06649616368286446), (18860, 0.08250966910184787), (18800, 0.11229861221885468), (18920, 0.11229861221885468), (15620, 0.12949640287769784), (15780, 0.12949640287769784), (19420, 0.205607476635514), (19500, 0.205607476635514), (19520, 0.205607476635514)]
greatest_instabilities = [(15120, -1), (15520, -1), (15860, -1), (16780, -1), (18420, -1), (18480, -1), (19180, -1), (19400, -1), (19560, -1), (19260, 0.16610625420309347)]