frame_start = 15020
frame_end = 20000
evaluation_coeff = 0.5539348610843026
stability_coeff = 0.5988083317399129
worst_evaluations = [(15920, -0.05405405405405406), (19560, -0.04081632653061224), (19280, 0.06649616368286446), (18860, 0.08250966910184787), (18800, 0.11229861221885468), (18880, 0.11229861221885468), (15620, 0.12949640287769784), (17160, 0.13846153846153847), (15640, 0.1803921568627451), (19420, 0.1884422110552764)]
greatest_instabilities = [(15120, -1), (15520, -1), (15860, -1), (16780, -1), (18420, -1), (18480, -1), (19180, -1), (19400, -1), (19560, -1), (15560, -0.015384615384615385)]