frame_start = 15020
frame_end = 20000
evaluation_coeff = 0.5719436328315928
stability_coeff = 0.7819517096134002
worst_evaluations = [(15020, -0.02666666666666667), (16660, 0.11564625850340136), (16680, 0.11564625850340136), (16700, 0.145985401459854), (17300, 0.18333333333333332), (18080, 0.21267893660531698), (17320, 0.24615384615384617), (19940, 0.2571428571428571), (16480, 0.2925170068027211), (16500, 0.2925170068027211)]
greatest_instabilities = [(15120, -1), (15520, -1), (15860, -1), (16780, -1), (18420, -1), (18480, -1), (19180, -1), (19400, -1), (19560, -1), (17280, 0.25213675213675213)]