frame_start = 21600
frame_end = 26020
evaluation_coeff = 0.8109914356190308
stability_coeff = 0.7180143950534875
worst_evaluations = [(24400, 0.16847826086956522), (22280, 0.23255813953488372), (23900, 0.3128834355828221), (24160, 0.3128834355828221), (22600, 0.3229689067201605), (22640, 0.3229689067201605), (22660, 0.3229689067201605), (23460, 0.35185185185185186), (26020, 0.37433155080213903), (22220, 0.3888888888888889)]
greatest_instabilities = [(21760, -1), (21860, -1), (22140, -1), (22200, -1), (22320, -1), (22820, -1), (23120, -1), (23260, -1), (23320, -1), (24260, -1)]