frame_start = 15020
frame_end = 20000
evaluation_coeff = 0.6501155151799046
stability_coeff = 0.7910786137343073
worst_evaluations = [(16660, 0.11564625850340136), (16540, 0.2925170068027211), (20000, 0.3142857142857143), (19640, 0.3869209809264305), (19680, 0.3869209809264305), (15020, 0.40860215053763443), (15040, 0.40860215053763443), (18140, 0.4193061840120664), (16100, 0.42038216560509556), (16380, 0.42038216560509556)]
greatest_instabilities = [(15120, -1), (15520, -1), (15860, -1), (16780, -1), (18420, -1), (18480, -1), (19180, -1), (19400, -1), (19560, -1), (16660, 0.23529411764705882)]