frame_start = 22020
frame_end = 26000
evaluation_coeff = 0.8054256650074074
stability_coeff = 0.7095237228192034
worst_evaluations = [(24400, 0.16847826086956522), (22280, 0.23255813953488372), (22140, 0.30097087378640774), (23900, 0.3128834355828221), (24160, 0.3128834355828221), (22600, 0.3229689067201605), (22640, 0.3229689067201605), (22660, 0.3229689067201605), (23460, 0.35185185185185186), (22220, 0.3888888888888889)]
greatest_instabilities = [(22020, -1), (22140, -1), (22200, -1), (22320, -1), (22820, -1), (23120, -1), (23260, -1), (23320, -1), (24260, -1), (24320, -1)]