frame_start = 15020
frame_end = 20000
evaluation_coeff = 0.23620379939446742
stability_coeff = 0.3898100660929738
worst_evaluations = [(15140, -0.057692307692307696), (15340, -0.057692307692307696), (19740, -0.05), (16020, -0.043795620437956206), (16620, -0.043795620437956206), (15940, -0.04), (15360, -0.032171581769437), (15480, -0.032171581769437), (15120, -0.02666666666666667), (15540, -0.02666666666666667)]
greatest_instabilities = [(15120, -1), (15520, -1), (15860, -1), (16780, -1), (18420, -1), (18480, -1), (19180, -1), (19400, -1), (19560, -1), (16660, -0.05405405405405406)]