frame_start = 15020
frame_end = 20000
evaluation_coeff = 0.30360946878991696
stability_coeff = 0.29911037312392347
worst_evaluations = [(15100, -0.06451612903225806), (15840, -0.06451612903225806), (18720, -0.0622568093385214), (19960, -0.058823529411764705), (19560, -0.058091286307053944), (15380, -0.057692307692307696), (19740, -0.05), (15080, -0.047619047619047616), (19480, -0.04739336492890995), (19320, -0.046511627906976744)]
greatest_instabilities = [(15120, -1), (15520, -1), (15860, -1), (16780, -1), (18420, -1), (18480, -1), (19180, -1), (19400, -1), (19560, -1), (16740, -0.07339449541284404)]