frame_start = 15020
frame_end = 20000
evaluation_coeff = 0.33443870071769094
stability_coeff = 0.4159365422119662
worst_evaluations = [(15140, -0.0784313725490196), (15080, -0.047619047619047616), (15940, -0.04), (15160, -0.032171581769437), (15540, -0.02666666666666667), (15720, -0.02666666666666667), (15760, -0.02666666666666667), (16180, -0.023622047244094488), (15880, -0.02247191011235955), (16340, 0.0)]
greatest_instabilities = [(15120, -1), (15520, -1), (15860, -1), (16780, -1), (18420, -1), (18480, -1), (19180, -1), (19400, -1), (19560, -1), (16740, -0.06042296072507553)]