frame_start = 15020
frame_end = 20000
evaluation_coeff = 0.6776905964290318
stability_coeff = 0.7615274945772256
worst_evaluations = [(20000, 0.3142857142857143), (16700, 0.3389830508474576), (18860, 0.3649193548387097), (18800, 0.3697478991596639), (18220, 0.3756558237145855), (19640, 0.3869209809264305), (19680, 0.3869209809264305), (15020, 0.40860215053763443), (15040, 0.40860215053763443), (19400, 0.4281524926686217)]
greatest_instabilities = [(15120, -1), (15520, -1), (15860, -1), (16780, -1), (18420, -1), (18480, -1), (19180, -1), (19400, -1), (19560, -1), (19380, 0.36454849498327757)]