frame_start = 15020
frame_end = 20000
evaluation_coeff = 0.6151235515865957
stability_coeff = 0.8096835104061524
worst_evaluations = [(16660, 0.11564625850340136), (19940, 0.2571428571428571), (16480, 0.2925170068027211), (16500, 0.2925170068027211), (16540, 0.2925170068027211), (16560, 0.2925170068027211), (16580, 0.2925170068027211), (20000, 0.3142857142857143), (19420, 0.3323262839879154), (16620, 0.3772455089820359)]
greatest_instabilities = [(15120, -1), (15520, -1), (15860, -1), (16780, -1), (18420, -1), (18480, -1), (19180, -1), (19400, -1), (19560, -1), (19380, 0.36454849498327757)]