frame_start = 15020
frame_end = 20000
evaluation_coeff = 0.6582193087964577
stability_coeff = 0.7822880199946224
worst_evaluations = [(15020, 0.26666666666666666), (20000, 0.3142857142857143), (16580, 0.3389830508474576), (18860, 0.3649193548387097), (18800, 0.3697478991596639), (19640, 0.3869209809264305), (19680, 0.3869209809264305), (15040, 0.40860215053763443), (18160, 0.4193061840120664), (18180, 0.4193061840120664)]
greatest_instabilities = [(15120, -1), (15520, -1), (15860, -1), (16780, -1), (18420, -1), (18480, -1), (19180, -1), (19400, -1), (19560, -1), (16640, 0.3512014787430684)]