frame_start = 15020
frame_end = 20000
evaluation_coeff = 0.23616611663952133
stability_coeff = 0.4202601385614559
worst_evaluations = [(19400, 0.0), (18220, 0.004739336492890996), (19700, 0.006622516556291391), (19380, 0.006968641114982578), (19480, 0.0072992700729927005), (15860, 0.017857142857142856), (19840, 0.01818181818181818), (15400, 0.021352313167259787), (16000, 0.02564102564102564), (15360, 0.0275049115913556)]
greatest_instabilities = [(15120, -1), (15520, -1), (15860, -1), (16780, -1), (18420, -1), (18480, -1), (19180, -1), (19400, -1), (19560, -1), (19780, -0.09871244635193133)]