frame_start = 20
frame_end = 5000
evaluation_coeff = 0.30091953214255035
stability_coeff = 0.7091232510600088
worst_evaluations = [(680, -0.04479578392621871), (20, 0.0), (80, 0.0), (120, 0.0), (140, 0.0), (440, 0.0), (500, 0.0), (520, 0.0), (540, 0.0), (560, 0.0)]
greatest_instabilities = [(680, -1), (2380, -1), (4780, -1), (2320, -0.19428571428571428), (20, 0.0), (60, 0.0), (80, 0.0), (100, 0.0), (140, 0.0), (420, 0.0)]