frame_start = 15020
frame_end = 20000
evaluation_coeff = 0.6976341612473073
stability_coeff = 0.7647177257929941
worst_evaluations = [(15080, -0.02666666666666667), (15720, 0.3063063063063063), (20000, 0.3142857142857143), (15140, 0.3426294820717131), (19400, 0.3597560975609756), (15900, 0.36065573770491804), (18800, 0.3697478991596639), (19640, 0.3869209809264305), (19680, 0.3869209809264305), (18820, 0.39803439803439805)]
greatest_instabilities = [(15120, -1), (15520, -1), (15860, -1), (16780, -1), (18420, -1), (18480, -1), (19180, -1), (19400, -1), (19560, -1), (15060, -0.028328611898016998)]