frame_start = 15020
frame_end = 20000
evaluation_coeff = 0.4538610615558492
stability_coeff = 0.6309018222414641
worst_evaluations = [(15020, -0.02666666666666667), (16660, -0.023622047244094488), (16680, -0.023622047244094488), (16700, -0.023622047244094488), (15140, 0.0), (15240, 0.0), (16000, 0.145985401459854), (16300, 0.145985401459854), (16340, 0.145985401459854), (16360, 0.145985401459854)]
greatest_instabilities = [(15120, -1), (15520, -1), (15860, -1), (16780, -1), (18420, -1), (18480, -1), (19180, -1), (19400, -1), (19560, -1), (16660, -0.012987012987012988)]