frame_start = 15020
frame_end = 20000
evaluation_coeff = 0.6492901640975879
stability_coeff = 0.7203355526029231
worst_evaluations = [(19420, 0.2010443864229765), (19500, 0.205607476635514), (19520, 0.205607476635514), (19240, 0.2127659574468085), (18280, 0.2504118616144975), (15020, 0.2524271844660194), (15040, 0.2524271844660194), (19360, 0.2583732057416268), (18640, 0.26324703605129446), (19120, 0.26324703605129446)]
greatest_instabilities = [(15120, -1), (15520, -1), (15860, -1), (16780, -1), (18420, -1), (18480, -1), (19180, -1), (19400, -1), (19560, -1), (15080, 0.175)]