frame_start = 20
frame_end = 5000
evaluation_coeff = 0.8139601858848653
stability_coeff = 0.900442359784372
worst_evaluations = [(280, 0.23976608187134502), (3940, 0.27306616961789376), (3900, 0.39948674080410607), (4080, 0.418452935694315), (680, 0.4534212695795548), (460, 0.4774665042630938), (540, 0.4774665042630938), (700, 0.4939759036144578), (4100, 0.5058823529411764), (4120, 0.5058823529411764)]
greatest_instabilities = [(680, -1), (2380, -1), (4780, -1), (280, 0.30917874396135264), (260, 0.32592592592592595), (300, 0.3403805496828753), (3920, 0.3818867924528302), (3940, 0.3818867924528302), (4060, 0.3818867924528302), (660, 0.42064112587959346)]