frame_start = 15020
frame_end = 20000
evaluation_coeff = 0.690702150199946
stability_coeff = 0.7809862999885548
worst_evaluations = [(15040, 0.16666666666666666), (15020, 0.2524271844660194), (20000, 0.3142857142857143), (19420, 0.35920177383592017), (18860, 0.3649193548387097), (18800, 0.3697478991596639), (19640, 0.3869209809264305), (19660, 0.3869209809264305), (19680, 0.3869209809264305), (18280, 0.4159178433889602)]
greatest_instabilities = [(15120, -1), (15520, -1), (15860, -1), (16780, -1), (18420, -1), (18480, -1), (19180, -1), (19400, -1), (19560, -1), (19380, 0.36454849498327757)]