frame_start = 20
frame_end = 5000
evaluation_coeff = 0.7839752329907547
stability_coeff = 0.963488988717732
worst_evaluations = [(720, 0.3465346534653465), (740, 0.3465346534653465), (3940, 0.39948674080410607), (760, 0.48031496062992124), (40, 0.5108323831242874), (60, 0.5108323831242874), (80, 0.5108323831242874), (100, 0.5108323831242874), (120, 0.5108323831242874), (140, 0.5108323831242874)]
greatest_instabilities = [(680, -1), (2380, -1), (4780, -1), (3920, 0.5720555961960497), (3940, 0.5720555961960497), (760, 0.573735199138859), (740, 0.7283950617283951), (620, 0.7310344827586207), (20, 0.74), (340, 0.74)]