frame_start = 15020
frame_end = 20000
evaluation_coeff = 0.6391294280617786
stability_coeff = 0.7969939924930527
worst_evaluations = [(16660, 0.11564625850340136), (20000, 0.3142857142857143), (16580, 0.3389830508474576), (19420, 0.35920177383592017), (18800, 0.3697478991596639), (19640, 0.3869209809264305), (19680, 0.3869209809264305), (15020, 0.40860215053763443), (15040, 0.40860215053763443), (18140, 0.4193061840120664)]
greatest_instabilities = [(15120, -1), (15520, -1), (15860, -1), (16780, -1), (18420, -1), (18480, -1), (19180, -1), (19400, -1), (19560, -1), (16660, 0.23529411764705882)]