frame_start = 15020
frame_end = 20000
evaluation_coeff = 0.6005854571627687
stability_coeff = 0.6952474080380102
worst_evaluations = [(18800, 0.11229861221885468), (18880, 0.11229861221885468), (19060, 0.11229861221885468), (15040, 0.16666666666666666), (15820, 0.1803921568627451), (15100, 0.19791666666666666), (19420, 0.2010443864229765), (15760, 0.2109704641350211), (19340, 0.23529411764705882), (18640, 0.23952405587170203)]
greatest_instabilities = [(15120, -1), (15520, -1), (15860, -1), (16780, -1), (18420, -1), (18480, -1), (19180, -1), (19400, -1), (19560, -1), (18880, 0.14159581425768475)]