frame_start = 20
frame_end = 5000
evaluation_coeff = 0.5554713268757239
stability_coeff = 0.7883027926513388
worst_evaluations = [(2000, 0.029411764705882353), (3140, 0.1194230124119423), (2660, 0.11949685534591195), (2680, 0.1907514450867052), (3760, 0.2049219119734974), (3780, 0.2049219119734974), (3800, 0.2049219119734974), (3820, 0.2049219119734974), (3840, 0.2049219119734974), (3860, 0.2049219119734974)]
greatest_instabilities = [(680, -1), (860, -1), (2380, -1), (2520, -1), (4780, -1), (2000, 0.22287390029325513), (1980, 0.3125), (2620, 0.4349315068493151), (4400, 0.4491080797481637), (100, 0.46545454545454545)]