frame_start = 15020
frame_end = 20000
evaluation_coeff = 0.41520328266224876
stability_coeff = 0.4339784225251554
worst_evaluations = [(15720, -0.047619047619047616), (19380, -0.046511627906976744), (19440, -0.04081632653061224), (15080, -0.02666666666666667), (15880, -0.02247191011235955), (15160, 0.0), (19280, 0.030418250950570342), (19520, 0.04895104895104895), (17720, 0.07995618838992333), (18860, 0.08250966910184787)]
greatest_instabilities = [(15120, -1), (15520, -1), (15860, -1), (16780, -1), (18420, -1), (18480, -1), (19180, -1), (19400, -1), (19560, -1), (15700, -0.04946996466431095)]