frame_start = 15020
frame_end = 20000
evaluation_coeff = 0.2179220081069201
stability_coeff = 0.3765691503206803
worst_evaluations = [(15340, -0.11009174311926606), (15360, -0.11009174311926606), (15140, -0.0784313725490196), (16540, -0.07643312101910828), (15880, -0.07518796992481203), (15040, -0.06451612903225806), (15060, -0.06451612903225806), (15540, -0.06451612903225806), (16580, -0.061224489795918366), (17160, -0.05853658536585366)]
greatest_instabilities = [(15120, -1), (15520, -1), (15860, -1), (16780, -1), (18420, -1), (18480, -1), (19180, -1), (19400, -1), (19560, -1), (16580, -0.05925925925925926)]