frame_start = 15020
frame_end = 20000
evaluation_coeff = 0.6904959845334011
stability_coeff = 0.7626336305415287
worst_evaluations = [(16300, 0.2925170068027211), (20000, 0.3142857142857143), (15900, 0.36065573770491804), (18800, 0.3697478991596639), (19680, 0.3869209809264305), (19400, 0.40397350993377484), (15040, 0.40860215053763443), (15080, 0.40860215053763443), (15600, 0.40860215053763443), (15620, 0.40860215053763443)]
greatest_instabilities = [(15120, -1), (15520, -1), (15860, -1), (16780, -1), (18420, -1), (18480, -1), (19180, -1), (19400, -1), (19560, -1), (19380, 0.35251798561151076)]