frame_start = 21600
frame_end = 26020
evaluation_coeff = 0.8443689039827685
stability_coeff = 0.7275462584004326
worst_evaluations = [(22280, 0.23255813953488372), (22140, 0.30097087378640774), (23900, 0.3128834355828221), (24160, 0.3128834355828221), (22600, 0.3229689067201605), (22640, 0.3229689067201605), (22660, 0.3229689067201605), (22400, 0.4329896907216495), (22520, 0.4329896907216495), (22540, 0.4329896907216495)]
greatest_instabilities = [(21600, -1), (21760, -1), (21860, -1), (22140, -1), (22200, -1), (22320, -1), (22820, -1), (23120, -1), (23260, -1), (23320, -1)]