frame_start = 15020
frame_end = 20000
evaluation_coeff = 0.6522664765683401
stability_coeff = 0.7056873245869101
worst_evaluations = [(15080, -0.047619047619047616), (19500, 0.205607476635514), (19520, 0.205607476635514), (19240, 0.2127659574468085), (19100, 0.23952405587170203), (18660, 0.2494042891183479), (18280, 0.2504118616144975), (15900, 0.25906735751295334), (18580, 0.26324703605129446), (18640, 0.26324703605129446)]
greatest_instabilities = [(15120, -1), (15520, -1), (15860, -1), (16780, -1), (18420, -1), (18480, -1), (19180, -1), (19400, -1), (19560, -1), (15080, -0.03773584905660377)]