frame_start = 15020
frame_end = 20000
evaluation_coeff = 0.6184618744303776
stability_coeff = 0.6566329679505397
worst_evaluations = [(15080, -0.047619047619047616), (15900, -0.04), (18520, 0.11229861221885468), (19280, 0.2052980132450331), (19420, 0.205607476635514), (19500, 0.205607476635514), (19520, 0.205607476635514), (19240, 0.2127659574468085), (15140, 0.21553090332805072), (19100, 0.23952405587170203)]
greatest_instabilities = [(15120, -1), (15520, -1), (15860, -1), (16780, -1), (18420, -1), (18480, -1), (19180, -1), (19400, -1), (19560, -1), (15060, -0.042105263157894736)]