frame_start = 20
frame_end = 5000
evaluation_coeff = 0.5584607857706625
stability_coeff = 0.8981833199044248
worst_evaluations = [(2020, 0.16666666666666666), (3780, 0.2049219119734974), (3800, 0.2049219119734974), (3820, 0.2049219119734974), (3840, 0.2049219119734974), (3860, 0.2049219119734974), (3880, 0.2049219119734974), (3900, 0.2049219119734974), (3920, 0.2049219119734974), (3940, 0.2049219119734974)]
greatest_instabilities = [(20, -1), (680, -1), (860, -1), (2380, -1), (2520, -1), (4780, -1), (2040, 0.4782608695652174), (2000, 0.5454545454545454), (100, 0.5527609135588321), (3760, 0.6296296296296297)]