frame_start = 15020
frame_end = 20000
evaluation_coeff = 0.29267783929714347
stability_coeff = 0.6059780115958493
worst_evaluations = [(19740, -0.05), (16620, -0.043795620437956206), (15020, -0.02666666666666667), (15040, -0.02666666666666667), (16340, -0.023622047244094488), (16560, -0.023622047244094488), (16580, -0.023622047244094488), (16600, -0.023622047244094488), (16640, -0.023622047244094488), (16660, -0.023622047244094488)]
greatest_instabilities = [(15120, -1), (15520, -1), (15860, -1), (16780, -1), (18420, -1), (18480, -1), (19180, -1), (19400, -1), (19560, -1), (15040, -0.015384615384615385)]