frame_start = 15020
frame_end = 20000
evaluation_coeff = 0.6421322364011653
stability_coeff = 0.6921725091576812
worst_evaluations = [(15080, -0.047619047619047616), (18860, 0.08250966910184787), (18520, 0.11229861221885468), (18800, 0.11229861221885468), (19500, 0.205607476635514), (19520, 0.205607476635514), (19240, 0.2127659574468085), (16300, 0.23529411764705882), (18580, 0.23952405587170203), (19100, 0.23952405587170203)]
greatest_instabilities = [(15120, -1), (15520, -1), (15860, -1), (16780, -1), (18420, -1), (18480, -1), (19180, -1), (19400, -1), (19560, -1), (15080, -0.03773584905660377)]