frame_start = 20
frame_end = 5000
evaluation_coeff = 0.7938514252120465
stability_coeff = 0.9098610787687001
worst_evaluations = [(3940, 0.27306616961789376), (3860, 0.29411764705882354), (3900, 0.39948674080410607), (3920, 0.424978317432784), (300, 0.4392156862745098), (680, 0.4534212695795548), (3880, 0.4552177485620378), (540, 0.4774665042630938), (700, 0.4939759036144578), (140, 0.5049365303244006)]
greatest_instabilities = [(680, -1), (2380, -1), (4780, -1), (3940, 0.3818867924528302), (660, 0.42064112587959346), (4080, 0.44660194174757284), (4100, 0.44660194174757284), (560, 0.45307443365695793), (200, 0.48), (220, 0.48)]