frame_start = 15020
frame_end = 20000
evaluation_coeff = 0.48369588383839934
stability_coeff = 0.713529859572161
worst_evaluations = [(19740, -0.05), (15020, -0.02666666666666667), (19780, 0.08235294117647059), (19420, 0.08298755186721991), (16680, 0.11564625850340136), (16040, 0.145985401459854), (16540, 0.145985401459854), (16560, 0.145985401459854), (16580, 0.145985401459854), (16660, 0.145985401459854)]
greatest_instabilities = [(15120, -1), (15520, -1), (15860, -1), (16780, -1), (18420, -1), (18480, -1), (19180, -1), (19400, -1), (19560, -1), (15040, -0.023255813953488372)]