frame_start = 15020
frame_end = 20000
evaluation_coeff = 0.40771337398352336
stability_coeff = 0.595963731179931
worst_evaluations = [(15620, 0.053763440860215055), (19280, 0.06649616368286446), (15600, 0.07536231884057971), (18860, 0.08250966910184787), (18280, 0.08376963350785341), (19460, 0.09404388714733543), (15880, 0.09667673716012085), (15420, 0.099644128113879), (16140, 0.10086455331412104), (18800, 0.11229861221885468)]
greatest_instabilities = [(15120, -1), (15520, -1), (15860, -1), (16780, -1), (18420, -1), (18480, -1), (19180, -1), (19400, -1), (19560, -1), (17160, 0.13838120104438642)]