frame_start = 15020
frame_end = 20000
evaluation_coeff = 0.5308933402353384
stability_coeff = 0.760470651015202
worst_evaluations = [(19740, -0.05), (15020, -0.02666666666666667), (16660, 0.11564625850340136), (16540, 0.145985401459854), (16560, 0.145985401459854), (16580, 0.145985401459854), (16700, 0.145985401459854), (16720, 0.145985401459854), (17320, 0.16), (19720, 0.16)]
greatest_instabilities = [(15120, -1), (15520, -1), (15860, -1), (16780, -1), (18420, -1), (18480, -1), (19180, -1), (19400, -1), (19560, -1), (19740, 0.22897196261682243)]